70 0 16 
70 1 1760 
70 2 1760 
70 3 20 
0 46.000000
72 3 0 
0 44.000000
72 3 1 
0 45.000000
72 3 2 
0 126.000000
72 3 3 
0 58.000000
72 3 4 
0 59.000000
72 3 5 
0 61.000000
72 3 6 
0 33.000000
72 3 7 
0 42.000000
72 3 8 
0 35.000000
72 3 9 
0 36.000000
72 3 10 
0 64.000000
72 3 11 
0 0.000000
33 1
65 668
0 0.000000
33 1
65 694
0 0.000000
33 1
0 0.000000
33 2
65 181
0 0.000000
72 0 15 
81
65 138
28 100
0 1761.000000
73 0 15 
51 726
73 0 15 
88 80.000000
0 0.000000
54 720
73 0 15 
73 2 -1 
80
73 0 15 
0 1.000000
1
72 0 15 
28 138
0 6.280000
43 2
51 726
0 0.000000
33 1
65 205
43 2
0 0.070000
1
33 2
28 181
0 6.280000
43 1
51 726
43 1
8
72 0 0 
43 1
5
72 0 1 
43 2
8
72 0 2 
43 2
5
72 0 3 
73 0 3 
0 2.000000
1
72 0 4 
43 3
8
72 0 6 
43 3
5
72 0 7 
43 4
8
72 0 8 
43 4
5
72 0 9 
0 1.000000
73 0 0 
73 0 4 
3
73 0 6 
3
73 0 2 
73 0 7 
3
1
0 5.000000
1
4
72 0 5 
73 0 2 
73 0 6 
3
73 0 0 
73 0 4 
73 0 7 
3
3
2
72 0 10 
73 0 10 
73 0 8 
3
73 0 1 
73 0 4 
73 0 9 
3
3
2
73 0 5 
3
0 30.000000
3
0 40.000000
1
72 0 11 
73 0 10 
73 0 9 
3
73 0 1 
73 0 4 
73 0 8 
3
3
1
73 0 5 
3
0 15.000000
3
0 12.000000
1
72 0 12 
73 0 12 
10
0 80.000000
3
73 0 11 
1
72 0 13 
73 0 1 
73 0 3 
73 0 8 
3
3
73 0 2 
73 0 7 
3
73 0 0 
73 0 3 
73 0 6 
3
3
73 0 0 
73 0 3 
73 0 7 
3
3
73 0 2 
73 0 6 
3
2
73 0 9 
3
2
2
2
0 8.000000
3
72 0 14 
73 0 11 
10
72 0 11 
73 0 12 
10
72 0 12 
73 0 13 
10
72 0 13 
73 0 14 
10
72 0 14 
0 22.000000
73 0 12 
51 658
0 0.000000
73 0 12 
53 658
0 0.000000
73 0 11 
53 658
0 80.000000
73 0 11 
51 658
73 0 5 
73 0 13 
73 1 -1 
51 658
73 0 5 
73 0 13 
72 1 -1 
0 0.000000
73 0 14 
53 646
73 0 14 
73 3 -1 
73 0 13 
72 2 -1 
28 658
73 3 0 
73 0 13 
72 2 -1 
43 1
0 0.020000
1
33 1
28 205
0 1760.000000
43 1
51 726
0 0.000000
43 1
72 1 -1 
0 1.000000
43 1
1
33 1
28 668
0 1760.000000
43 1
51 726
0 32.000000
43 1
72 2 -1 
0 1.000000
43 1
1
33 1
28 694
0 10.000000
80
28 167
66
